991005000258983171738360000000105000600000000000000
991005000258983171738360000000110001000000000000000
991005000258983171738360000000115001200000000000000
991005000258983171738360000000120001400000000000000
991005000258983171738360000001525000400000000000000
991005000258983171738360000001530000600000000000000
991005000258983171738360000001535000800000000000000
991005000258983171738360000001540001200000000000000
991005000258983171738360000003045001200000000000000
991005000258983171738360000003050001400000000000000
991005000258983171738360000003045001600000000000000
991005000258983171738360000003040001800000000000000
991005000258983171738360000003645001211720499428356
991005000258983171738360000003545001211720436458686
991005000258983171738360000003550001411720459555311
991005000258983171738360000003545001611720471802578
991005000258983171738360000003540001811720486973945
991005000258983171738360000004535000800000000000000
991005000258983171738360000004530001200000000000000
991005000258983171738360000004525001400000000000000
991005000258983171738360000004520001600000000000000
991005000258983171738360000006015000200000000000000
991005000258983171738360000006010000400000000000000
991005000258983171738360000006005000600000000000000
991005000258983171738360000006005001000000000000000
991005000258983171738360000009010000600000000000000
991005000258983171738360000009010001000000000000000
991005000258983171738360000009015001200000000000000
991005000258983171738360000009020001400000000000000
991005000258983171738360000010525000800000000000000
991005000258983171738360000010530001000000000000000
991005000258983171738360000010535001200000000000000
991005000258983171738360000010540001400000000000000
991005000258984171738360000000101000600000000000000
991005000258984171738360000000102000800000000000000
991005000258984171738360000000103001000000000000000
991005000258984171738360000001004000600000000000000
991005000258984171738360000001005001000000000000000
991005000258984171738360000001006001400000000000000
991005000258984171738360000002007000600000000000000
991005000258984171738360000002008000800000000000000
991005000258984171738360000002009001000000000000000
991005000258984171738360000003010000600000000000000
991005000258984171738360000003012001000000000000000
991005000258984171738360000003013001400000000000000
991005000258984171738360000003210000611720189984934
991005000258984171738360000003212001011720190010051
991005000258984171738360000004014000600000000000000
991005000258984171738360000004015000800000000000000
991005000258984171738360000004016001000000000000000
991005000258984171738360000005017001000000000000000
991005000258984171738360000005018001200000000000000
991005000258984171738360000005019001400000000000000
991005000258984171738360000006020000200000000000000
991005000258984171738360000006031000400000000000000
991005000258984171738360000006032000600000000000000
991005000258984171738360000007033000600000000000000
991005000258984171738360000007034000800000000000000
991005000258984171738360000007035001200000000000000
991005000258984171738360000008036001000000000000000
991005000258984171738360000008037001200000000000000
991005000258984171738360000008038001400000000000000
991005000258984171738360000009039000600000000000000
991005000258984171738360000009040000800000000000000
991005000258984171738360000009041001200000000000000
991005000258984171738360000010042001000000000000000
991005000258984171738360000010043001200000000000000
991005000258984171738360000010044001400000000000000
991005000258984171738360000011045001000000000000000
991005000258984171738360000011046001400000000000000
991005000258984171738360000011047001600000000000000
991005000258985171738360000000148000800000000000000
991005000258985171738360000000149001000000000000000
991005000258985171738360000000150001400000000000000
991005000258985171738360000003050000600000000000000
991005000258985171738360000003049001000000000000000
991005000258985171738360000003048001400000000000000
991005000258985171738360000003550000611720436341390
991005000258985171738360000003549001011720446934580
991005000258985171738360000003548001411720459483933
991005000258985171738360000006047000800000000000000
991005000258985171738360000006046001000000000000000
991005000258985171738360000006045001200000000000000
991005000258985171738360000006044001400000000000000
991005000258985171738360000006043002000000000000000
991005000258985171738360000009042000400000000000000
991005000258985171738360000009041000600000000000000
991005000258985171738360000009040000800000000000000
991005000258985171738360000009039001000000000000000
991005000258985171738360000009037001200000000000000
991005000258985171738360000011036001000000000000000
991005000258985171738360000011035001400000000000000
991005000258985171738360000011034001600000000000000
991005000258985171738360000011033002000000000000000
991005000258985171738360000011032002200000000000000
999000131200203171738360000000131000600000000000000
999000131200203171738360000000130001000000000000000
999000131200203171738360000000129001200000000000000
999000131200203171738360000000128001400000000000000
999000131200203171738360000003231000611720190136970
999000131200203171738360000003230001011720190199824
999000131200203171738360000003229001211720196866871
999000131200203171738360000004527000600000000000000
999000131200203171738360000004526000800000000000000
999000131200203171738360000004525001000000000000000
999000131200203171738360000004524001200000000000000
999000131200203171738360000007023000400000000000000
999000131200203171738360000007022000600000000000000
999000131200203171738360000007021000800000000000000
999000131200203171738360000007020001200000000000000
999000131200203171738360000009019001200000000000000
999000131200203171738360000009018001400000000000000
999000131200203171738360000009017001800000000000000
999000131200203171738360000009016002000000000000000
999000131200203171738360000009219001211725361252876
999000131200203171738360000010015000600000000000000
999000131200203171738360000010014001000000000000000
999000131200203171738360000010013001200000000000000
999000131200203171738360000010012001400000000000000
999000131200203171738360000011011000600000000000000
999000131200203171738360000011010001000000000000000
999000131200203171738360000011009001200000000000000
999000131200203171738360000011008001800000000000000
991005000258986111111111111103100009901720096813343
991005000258986111111111111103100009901720096864834
991005000258986111111111111103100009901720096936059
991005000258984171738360000003100000001720097017644
991005000258986111111111111103200009901720187420235
991005000258984171738360000003200000001720189889231
991005000258984171738360000003200000001720189933954
991005000258984171738360000003200000001720190034872
991005000258986111111111111103200009901720190062128
999000000000015111111111111103200009901720190077240
991005000258986111111111111103200009901720190093573
999000131200203171738360000003200000001720190243156
991005000258986111111111111103200009901720190266381
999000000000015111111111111103200009901720190285251
999000000000015111111111111103200009901720190305465
999000131200203171738360000003200000001720196973974
999000131200282111111111111103500009901720436407290
991005000258985171738360000003500000001720436423072
991005000258983171738360000003500000001720436518886
991005000258985171738360000003500000001720436568967
991005000258983171738360000003500000001720436585092
991005000258983171738360000003500000001720439247818
991005000258985171738360000003500000001720439263129
999000131200282111111111111103500009901720443305579
991005000258982111111111111103500009901720443327808
991005000258985171738360000003500000001720443360479
991005000258983171738360000003500000001720443376526
991005000258983171738360000003500000001720446915205
991005000258985171738360000003500000001720453770380
999000131200282111111111111103500009901720453792164
991005000258982111111111111103500009901720459439347
999000131200282111111111111103500009901720459461760
991005000258985171738360000003500000001720459540011
991005000258983171738360000003500000001720459617085
991005000258985171738360000003500000001720462867043
991005000258983171738360000003500000001720462883302
991005000258985171738360000003500000001720471786763
991005000258985171738360000003500000001720486958145
991005000258985171738360000003500000001720490414195
991005000258985171738360000003500000001720492132435
991005000258982111111111111103600009901720499412086
999000131200203171738360000009200000001725361354847
999000131200203171738360000009200000001725361622920
999000131200203171738360000009200000001725361723789
999000131200203171738360000009200000001725362223340
